679.785826771654 70.0346456692913 0
679.785826771654 70.0346456692913 0
679.181102362205 68.4850393700787 0
678.727559055118 67.8047244094488 0
678.047244094488 67.7291338582677 0
677.253543307087 68.0314960629921 0
676.573228346457 70.2236220472441 0
676.573228346457 73.5874015748032 0
677.253543307087 79.5212598425197 0
679.256692913386 93.807874015748 0
680.314960629921 105.448818897638 0
680.352755905512 111.874015748031 0
682.431496062992 121.247244094488 0
682.96062992126 128.91968503937 0
682.96062992126 128.91968503937 1
681.411023622047 36.0566929133858 0
681.411023622047 36.0566929133858 0
680.617322834646 38.9291338582677 0
678.538582677165 43.2 0
675.779527559055 47.659842519685 0
672.869291338583 51.7417322834646 0
667.729133858268 55.7102362204724 0
664.138582677165 56.6551181102362 0
660.548031496063 56.8062992125984 0
657.222047244094 56.2393700787402 0
653.933858267717 54.8787401574803 0
650.154330708661 52.6488188976378 0
648.264566929134 52.044094488189 0
646.072440944882 52.9133858267717 0
641.914960629921 55.407874015748 0
637.228346456693 59.111811023622 0
631.445669291339 66.3685039370079 0
624.71811023622 71.8488188976378 0
624.71811023622 71.8488188976378 1
614.059842519685 105.788976377953 0
614.059842519685 105.788976377953 0
614.059842519685 105.788976377953 0
613.417322834646 105.788976377953 0
611.338582677165 107.603149606299 0
608.503937007874 109.68188976378 0
605.442519685039 112.214173228346 0
602.72125984252 114.633070866142 0
598.828346456693 117.92125984252 0
596.787401574803 119.546456692913 0
594.746456692913 120.604724409449 0
592.403149606299 121.474015748031 0
590.4 122.116535433071 0
588.396850393701 122.192125984252 0
587.565354330709 121.436220472441 0
586.582677165354 119.395275590551 0
585.222047244094 116.409448818898 0
583.067716535433 111.79842519685 0
578.381102362205 103.067716535433 0
574.866141732284 96.0377952755906 0
572.333858267717 88.9322834645669 0
570.633070866142 83.2629921259843 0
569.574803149606 78.4251968503937 0
569.574803149606 75.3259842519685 0
568.932283464567 71.5086614173228 0
568.932283464567 71.5086614173228 1
608.806299212598 151.672440944882 0
607.634645669291 150.727559055118 0
607.634645669291 150.916535433071 0
606.500787401575 152.88188976378 0
604.308661417323 152.503937007874 0
601.738582677165 152.390551181102 0
601.738582677165 152.390551181102 1
529.322834645669 103.143307086614 0
529.322834645669 103.143307086614 0
529.322834645669 102.425196850394 0
530.116535433071 102.425196850394 0
530.985826771654 103.710236220472 0
532.308661417323 105.788976377953 0
533.631496062992 111.911811023622 0
534.236220472441 117.770078740157 0
534.236220472441 124.006299212598 0
533.631496062992 128.957480314961 0
532.233070866142 131.981102362205 0
527.055118110236 133.644094488189 0
521.952755905512 133.984251968504 0
514.99842519685 133.455118110236 0
507.968503937008 131.792125984252 0
503.697637795276 129.637795275591 0
500.976377952756 127.672440944882 0
500.976377952756 127.55905511811 0
500.976377952756 127.55905511811 0
500.976377952756 127.55905511811 0
501.014173228346 128.692913385827 0
501.807874015748 130.015748031496 0
502.034645669291 132.056692913386 0
501.089763779528 135.231496062992 0
498.179527559055 139.048818897638 0
491.943307086614 144.793700787402 0
487.218897637795 147.666141732283 0
483.099212598425 149.744881889764 0
479.622047244094 150.992125984252 0
475.237795275591 150.614173228346 0
472.176377952756 148.497637795276 0
468.094488188976 144.113385826772 0
462.576377952756 138.066141732283 0
455.546456692913 129.788976377953 0
443.149606299213 113.877165354331 0
434.948031496063 101.820472440945 0
426.292913385827 87.2692913385827 0
417.486614173228 72.1511811023622 0
409.927559055118 58.4692913385827 0
400.743307086614 43.9181102362205 0
396.963779527559 36.3590551181102 0
396.963779527559 36.3590551181102 1
508.686614173228 75.288188976378 0
508.686614173228 75.288188976378 0
508.8 72.9448818897638 0
508.11968503937 72.2645669291339 0
506.456692913386 72.1511811023622 0
504.151181102362 73.2850393700787 0
499.615748031496 78.5385826771654 0
498.028346456693 82.5448818897638 0
498.179527559055 85.8330708661417 0
499.955905511811 88.3653543307087 0
502.450393700787 89.7259842519685 0
507.741732283465 88.9322834645669 0
512.466141732283 86.7779527559055 0
517.946456692913 84.3590551181102 0
522.481889763779 82.3181102362205 0
524.674015748031 80.9952755905512 0
525.581102362205 80.7685039370079 0
525.581102362205 80.7685039370079 0
525.618897637795 82.2425196850394 0
524.107086614173 84.3212598425197 0
518.551181102362 89.9905511811024 0
511.634645669291 94.9417322834646 0
505.322834645669 99.3637795275591 0
500.674015748031 102.727559055118 0
497.196850393701 106.733858267717 0
495.874015748031 108.245669291339 0
495.874015748031 108.245669291339 1
471.11811023622 110.664566929134 0
471.11811023622 110.664566929134 0
469.114960629921 110.437795275591 0
468.812598425197 110.853543307087 0
467.262992125984 112.44094488189 0
467.262992125984 112.44094488189 0
468.585826771654 110.966929133858 0
468.585826771654 110.966929133858 1
