551.886614173228 80.1259842519685 0
551.508661417323 76.044094488189 0
551.508661417323 74.9858267716535 0
551.508661417323 74.9858267716535 0
553.662992125984 78.1606299212598 0
557.140157480315 85.0015748031496 0
567.987401574803 115.048818897638 0
571.766929133858 126.916535433071 0
574.752755905512 137.045669291339 0
577.549606299213 145.247244094488 0
579.779527559055 149.858267716535 0
579.779527559055 149.858267716535 1
558.651968503937 42.9732283464567 0
557.782677165354 42.0661417322835 0
557.291338582677 43.7669291338583 0
557.291338582677 48.340157480315 0
556.422047244095 56.3527559055118 0
554.72125984252 60.6614173228346 0
551.168503937008 63.4204724409449 0
545.725984251969 64.3275590551181 0
539.262992125984 62.5889763779528 0
528.529133858268 57.7511811023622 0
523.502362204724 55.2944881889764 0
518.853543307087 54.6897637795276 0
512.768503937008 56.0125984251968 0
505.285039370079 61.7574803149606 0
502.223622047244 67.3133858267717 0
500.485039370079 73.511811023622 0
498.48188976378 81.6755905511811 0
495.836220472441 90.7842519685039 0
495.836220472441 90.7842519685039 1
442.809448818898 91.8047244094488 0
442.091338582677 89.688188976378 0
442.544881889764 89.688188976378 0
443.67874015748 93.5811023622047 0
444.850393700787 100.535433070866 0
445.568503937008 110.437795275591 0
444.434645669291 128.20157480315 0
441.788976377953 137.234645669291 0
433.776377952756 146.07874015748 0
428.636220472441 146.683464566929 0
419.67874015748 141.467716535433 0
414.009448818898 135.874015748031 0
409.285039370079 128.806299212598 0
404.258267716535 120.529133858268 0
402.406299212598 122.834645669291 0
399.307086614173 130.544881889764 0
394.469291338583 139.653543307087 0
388.988976377953 146.494488188976 0
372.548031496063 153.259842519685 0
364.233070866142 151.105511811024 0
356.447244094488 147.325984251968 0
350.702362204724 142.525984251969 0
345.977952755906 139.162204724409 0
340.044094488189 142.412598425197 0
335.848818897638 148.573228346457 0
331.615748031496 155.754330708661 0
323.792125984252 163.88031496063 0
317.215748031496 168.302362204724 0
309.165354330709 171.40157480315 0
301.568503937008 172.346456692913 0
291.288188976378 171.288188976378 0
284.409448818898 167.848818897638 0
277.492913385827 162.48188976378 0
270.765354330709 154.507086614173 0
253.190551181102 126.274015748031 0
246.16062992126 113.80157480315 0
239.811023622047 102.311811023622 0
233.914960629921 91.3133858267717 0
226.431496062992 77.2913385826772 0
222.87874015748 71.1685039370079 0
222.122834645669 68.9763779527559 0
222.122834645669 68.9763779527559 1
428.59842519685 54.5763779527559 0
427.351181102362 53.8204724409449 0
426.746456692913 55.6346456692913 0
425.877165354331 61.1149606299213 0
424.214173228346 68.3716535433071 0
421.379527559055 74.8724409448819 0
415.029921259843 81.0708661417323 0
409.096062992126 81.7133858267717 0
403.086614173228 80.4661417322835 0
397.417322834646 77.3669291338583 0
390.311811023622 72 0
387.061417322835 69.5811023622047 0
384.529133858268 68.7496062992126 0
381.618897637795 69.5055118110236 0
377.80157480315 72.6425196850394 0
372.699212598425 81.6 0
370.99842519685 85.6818897637795 0
370.99842519685 85.6818897637795 1
423.911811023622 186.179527559055 0
423.911811023622 186.179527559055 0
416.957480314961 182.664566929134 0
413.707086614173 184.705511811024 0
409.058267716535 187.91811023622 0
402.859842519685 191.433070866142 0
395.074015748032 193.511811023622 0
380.900787401575 193.511811023622 0
372.774803149606 192.113385826772 0
366.16062992126 190.979527559055 0
360.982677165354 190.790551181102 0
354.897637795276 193.39842519685 0
350.929133858268 196.8 0
347.187401574803 200.844094488189 0
343.710236220472 203.943307086614 0
338.607874015748 204.548031496063 0
334.374803149606 204.661417322835 0
334.374803149606 204.661417322835 1
301.455118110236 105.259842519685 0
300.32125984252 103.029921259843 0
300.32125984252 103.029921259843 0
301.341732283465 103.974803149606 0
300.510236220472 109.492913385827 0
298.696062992126 112.327559055118 0
298.696062992126 112.327559055118 1
195.023622047244 147.628346456693 0
195.023622047244 147.628346456693 0
190.828346456693 143.055118110236 0
187.426771653543 141.95905511811 0
184.47874015748 143.848818897638 0
178.99842519685 154.355905511811 0
177.675590551181 163.615748031496 0
180.699212598425 173.555905511811 0
187.993700787402 182.059842519685 0
198.16062992126 185.234645669291 0
212.59842519685 182.059842519685 0
217.927559055118 176.655118110236 0
219.099212598425 169.020472440945 0
216.68031496063 160.062992125984 0
210.708661417323 151.105511811024 0
197.102362204724 144.831496062992 0
186.822047244094 147.43937007874 0
179.981102362205 149.858267716535 0
179.981102362205 149.858267716535 1
