535.823622047244 118.63937007874 0
535.823622047244 118.63937007874 0
534.651968503937 113.461417322835 0
534.311811023622 111.79842519685 0
534.765354330709 113.083464566929 0
538.658267716535 126.19842519685 0
542.211023622047 135.79842519685 0
547.88031496063 148.837795275591 0
551.055118110236 157.228346456693 0
553.285039370079 165.014173228346 0
554.532283464567 171.817322834646 0
555.363779527559 180.812598425197 0
555.363779527559 182.022047244094 0
555.363779527559 182.022047244094 1
538.544881889764 72.340157480315 0
538.015748031496 71.1685039370079 0
537.524409448819 72.6425196850394 0
536.579527559055 78.0094488188976 0
534.16062992126 89.4992125984252 0
531.930708661417 96.1133858267716 0
527.735433070866 99.9307086614173 0
523.162204724409 100.762204724409 0
517.114960629921 98.7590551181102 0
507.288188976378 90.7842519685039 0
502.148031496063 85.4173228346457 0
498.141732283465 82.5826771653543 0
495.533858267717 82.0157480314961 0
493.644094488189 82.8850393700787 0
490.658267716535 88.4409448818898 0
487.52125984252 95.8866141732283 0
483.628346456693 105.259842519685 0
475.426771653543 117.92125984252 0
475.426771653543 117.92125984252 1
425.990551181102 123.703937007874 0
425.80157480315 122.381102362205 0
425.688188976378 121.814173228346 0
425.688188976378 121.814173228346 0
425.688188976378 121.814173228346 0
424.176377952756 122.532283464567 0
421.984251968504 124.08188976378 0
418.431496062992 126.84094488189 0
411.930708661417 133.644094488189 0
401.80157480315 143.357480314961 0
396.623622047244 148.384251968504 0
391.407874015748 152.617322834646 0
385.738582677165 156.699212598425 0
383.28188976378 157.341732283465 0
381.392125984252 157.455118110236 0
379.729133858268 157.455118110236 0
377.83937007874 157.303937007874 0
374.324409448819 152.277165354331 0
367.483464566929 134.853543307087 0
363.514960629921 121.549606299213 0
358.677165354331 100.459842519685 0
356.258267716535 87.2692913385827 0
354.444094488189 76.4220472440945 0
352.44094488189 61.0771653543307 0
351.76062992126 56.1259842519685 0
350.588976377953 56.0503937007874 0
350.588976377953 56.0503937007874 1
429.581102362205 190.261417322835 0
426.973228346457 180.472440944882 0
426.708661417323 179.943307086614 0
426.708661417323 179.943307086614 0
423.911811023622 179.943307086614 0
421.455118110236 179.716535433071 0
421.455118110236 179.716535433071 1
319.370078740157 165.203149606299 0
318.311811023622 163.2 0
317.366929133858 160.251968503937 0
317.366929133858 157.71968503937 0
317.896062992126 152.995275590551 0
319.218897637795 147.325984251968 0
320.579527559055 142.828346456693 0
322.204724409449 140.220472440945 0
323.867716535433 140.409448818898 0
326.173228346457 142.941732283465 0
328.47874015748 146.796850393701 0
329.234645669291 156.170078740157 0
326.702362204724 162.595275590551 0
322.166929133858 169.020472440945 0
315.363779527559 175.181102362205 0
306.708661417323 180.283464566929 0
291.288188976378 186.48188976378 0
278.551181102362 190.677165354331 0
267.363779527559 192.151181102362 0
267.363779527559 192.151181102362 1
299.867716535433 96.7181102362205 0
299.867716535433 96.7181102362205 0
300.170078740157 94.1102362204724 0
298.847244094488 97.2850393700787 0
297.146456692913 102.765354330709 0
295.370078740157 109.266141732283 0
295.029921259843 114.708661417323 0
297.373228346457 118.63937007874 0
300.963779527559 118.828346456693 0
305.537007874016 117.656692913386 0
309.996850393701 115.653543307087 0
312.907086614173 114.179527559055 0
313.436220472441 113.80157480315 0
311.546456692913 114.444094488189 0
307.955905511811 116.711811023622 0
302.853543307087 120.415748031496 0
297.033070866142 124.951181102362 0
288.226771653543 131.451968503937 0
281.763779527559 136.214173228346 0
278.4 137.650393700787 0
278.4 137.650393700787 1
228.472440944882 123.174803149606 0
226.771653543307 119.470866141732 0
224.957480314961 112.705511811024 0
225.713385826772 99.2503937007874 0
227.943307086614 89.3858267716535 0
231.496062992126 81.1842519685039 0
237.089763779528 74.7590551181102 0
247.181102362205 68.7496062992126 0
254.324409448819 68.2582677165354 0
264.415748031496 77.7448818897638 0
265.511811023622 87.155905511811 0
262.148031496063 103.55905511811 0
258.103937007874 112.214173228346 0
252.623622047244 118.714960629921 0
246.84094488189 123.968503937008 0
239.395275590551 127.332283464567 0
230.248818897638 122.381102362205 0
225.713385826772 118.412598425197 0
220.157480314961 116.182677165354 0
212.485039370079 116.333858267717 0
209.234645669291 119.017322834646 0
206.777952755906 123.779527559055 0
205.946456692913 129.373228346457 0
208.062992125984 134.513385826772 0
211.766929133858 141.732283464567 0
212.711811023622 144.491338582677 0
212.976377952756 145.133858267717 0
211.237795275591 145.889763779528 0
203.225196850394 146.267716535433 0
194.796850393701 146.948031496063 0
184.932283464567 148.08188976378 0
174.916535433071 150.274015748032 0
165.770078740157 152.692913385827 0
156.32125984252 156.207874015748 0
153.751181102362 159.987401574803 0
153.448818897638 164.787401574803 0
155.149606299213 171.817322834646 0
158.815748031496 181.606299212598 0
166.903937007874 199.105511811024 0
172.8 210.784251968504 0
179.414173228346 221.707086614173 0
189.014173228346 230.966929133858 0
194.07874015748 233.272440944882 0
194.07874015748 233.272440944882 1
